3000
1 100000 1 100000 39014
1 100000 1 100000 35132
1 100000 1 100000 39557
1 100000 1 100000 16888
1 100000 1 100000 23900
1 100000 1 100000 30393
1 100000 1 100000 14650
1 100000 1 100000 3682
1 100000 1 100000 30364
1 100000 1 100000 4850
1 100000 1 100000 88610
1 100000 1 100000 85073
1 100000 1 100000 34384
1 100000 1 100000 28423
1 100000 1 100000 68802
1 100000 1 100000 80109
1 100000 1 100000 93274
1 100000 1 100000 47050
1 100000 1 100000 8014
1 100000 1 100000 22222
1 100000 1 100000 2602
1 100000 1 100000 65237
1 100000 1 100000 42827
1 100000 1 100000 30272
1 100000 1 100000 1
1 100000 1 100000 13093
1 100000 1 100000 57626
1 100000 1 100000 60905
1 100000 1 100000 43058
1 100000 1 100000 50303
1 100000 1 100000 15953
1 100000 1 100000 81193
1 100000 1 100000 43307
1 100000 1 100000 76235
1 100000 1 100000 39476
1 100000 1 100000 64490
1 100000 1 100000 22647
1 100000 1 100000 37695
1 100000 1 100000 47630
1 100000 1 100000 59516
1 100000 1 100000 12121
1 100000 1 100000 68162
1 100000 1 100000 42963
1 100000 1 100000 28507
1 100000 1 100000 64600
1 100000 1 100000 15255
1 100000 1 100000 58478
1 100000 1 100000 80873
1 100000 1 100000 29019
1 100000 1 100000 55748
1 100000 1 100000 54194
1 100000 1 100000 18637
1 100000 1 100000 54118
1 100000 1 100000 30307
1 100000 1 100000 91686
1 100000 1 100000 25472
1 100000 1 100000 84892
1 100000 1 100000 84003
1 100000 1 100000 54755
1 100000 1 100000 72771
1 100000 1 100000 57333
1 100000 1 100000 72305
1 100000 1 100000 43674
1 100000 1 100000 24126
1 100000 1 100000 26654
1 100000 1 100000 53366
1 100000 1 100000 50697
1 100000 1 100000 62921
1 100000 1 100000 98062
1 100000 1 100000 84880
1 100000 1 100000 66977
1 100000 1 100000 33728
1 100000 1 100000 93265
1 100000 1 100000 12539
1 100000 1 100000 38241
1 100000 1 100000 84160
1 100000 1 100000 85932
1 100000 1 100000 55522
1 100000 1 100000 76
1 100000 1 100000 36514
1 100000 1 100000 5258
1 100000 1 100000 45336
1 100000 1 100000 72123
1 100000 1 100000 33243
1 100000 1 100000 67396
1 100000 1 100000 4667
1 100000 1 100000 3334
1 100000 1 100000 61585
1 100000 1 100000 87862
1 100000 1 100000 45992
1 100000 1 100000 22282
1 100000 1 100000 44844
1 100000 1 100000 87547
1 100000 1 100000 96385
1 100000 1 100000 41845
1 100000 1 100000 42706
1 100000 1 100000 86200
1 100000 1 100000 91835
1 100000 1 100000 31301
1 100000 1 100000 12349
1 100000 1 100000 27238
1 100000 1 100000 76149
1 100000 1 100000 9883
1 100000 1 100000 81029
1 100000 1 100000 33480
1 100000 1 100000 17295
1 100000 1 100000 67036
1 100000 1 100000 55400
1 100000 1 100000 15100
1 100000 1 100000 79905
1 100000 1 100000 71318
1 100000 1 100000 15448
1 100000 1 100000 76027
1 100000 1 100000 70177
1 100000 1 100000 5027
1 100000 1 100000 77708
1 100000 1 100000 39102
1 100000 1 100000 48968
1 100000 1 100000 26507
1 100000 1 100000 62490
1 100000 1 100000 82718
1 100000 1 100000 62432
1 100000 1 100000 99325
1 100000 1 100000 49700
1 100000 1 100000 61099
1 100000 1 100000 67904
1 100000 1 100000 22028
1 100000 1 100000 70352
1 100000 1 100000 48492
1 100000 1 100000 72508
1 100000 1 100000 24698
1 100000 1 100000 85209
1 100000 1 100000 69887
1 100000 1 100000 37625
1 100000 1 100000 75111
1 100000 1 100000 301
1 100000 1 100000 62618
1 100000 1 100000 30058
1 100000 1 100000 87722
1 100000 1 100000 78332
1 100000 1 100000 57539
1 100000 1 100000 6203
1 100000 1 100000 31096
1 100000 1 100000 69120
1 100000 1 100000 97324
1 100000 1 100000 88957
1 100000 1 100000 16480
1 100000 1 100000 82996
1 100000 1 100000 74705
1 100000 1 100000 89631
1 100000 1 100000 84342
1 100000 1 100000 64689
1 100000 1 100000 15423
1 100000 1 100000 17006
1 100000 1 100000 38322
1 100000 1 100000 48613
1 100000 1 100000 6507
1 100000 1 100000 97391
1 100000 1 100000 97607
1 100000 1 100000 62347
1 100000 1 100000 42779
1 100000 1 100000 73170
1 100000 1 100000 15256
1 100000 1 100000 25542
1 100000 1 100000 72787
1 100000 1 100000 48347
1 100000 1 100000 96315
1 100000 1 100000 6806
1 100000 1 100000 6701
1 100000 1 100000 93048
1 100000 1 100000 14819
1 100000 1 100000 93123
1 100000 1 100000 74718
1 100000 1 100000 2642
1 100000 1 100000 65511
1 100000 1 100000 41783
1 100000 1 100000 43929
1 100000 1 100000 58756
1 100000 1 100000 72780
1 100000 1 100000 68421
1 100000 1 100000 65919
1 100000 1 100000 14463
1 100000 1 100000 7938
1 100000 1 100000 27275
1 100000 1 100000 54925
1 100000 1 100000 87815
1 100000 1 100000 45225
1 100000 1 100000 92222
1 100000 1 100000 7425
1 100000 1 100000 25786
1 100000 1 100000 44538
1 100000 1 100000 43732
1 100000 1 100000 83423
1 100000 1 100000 38788
1 100000 1 100000 12948
1 100000 1 100000 99462
1 100000 1 100000 16246
1 100000 1 100000 23451
1 100000 1 100000 29826
1 100000 1 100000 50479
1 100000 1 100000 50652
1 100000 1 100000 35353
1 100000 1 100000 53133
1 100000 1 100000 9161
1 100000 1 100000 93326
1 100000 1 100000 95736
1 100000 1 100000 79067
1 100000 1 100000 75521
1 100000 1 100000 38589
1 100000 1 100000 35926
1 100000 1 100000 88710
1 100000 1 100000 150
1 100000 1 100000 11693
1 100000 1 100000 53134
1 100000 1 100000 38341
1 100000 1 100000 72886
1 100000 1 100000 82286
1 100000 1 100000 81844
1 100000 1 100000 44679
1 100000 1 100000 94797
1 100000 1 100000 72173
1 100000 1 100000 90386
1 100000 1 100000 36878
1 100000 1 100000 91104
1 100000 1 100000 88295
1 100000 1 100000 80037
1 100000 1 100000 90778
1 100000 1 100000 67234
1 100000 1 100000 8463
1 100000 1 100000 15407
1 100000 1 100000 8500
1 100000 1 100000 70558
1 100000 1 100000 17051
1 100000 1 100000 47903
1 100000 1 100000 59829
1 100000 1 100000 58180
1 100000 1 100000 89418
1 100000 1 100000 18937
1 100000 1 100000 54484
1 100000 1 100000 56344
1 100000 1 100000 20351
1 100000 1 100000 46864
1 100000 1 100000 32898
1 100000 1 100000 10879
1 100000 1 100000 99181
1 100000 1 100000 3247
1 100000 1 100000 69269
1 100000 1 100000 35464
1 100000 1 100000 74262
1 100000 1 100000 12046
1 100000 1 100000 18673
1 100000 1 100000 91349
1 100000 1 100000 74340
1 100000 1 100000 57217
1 100000 1 100000 88563
1 100000 1 100000 24759
1 100000 1 100000 20008
1 100000 1 100000 71775
1 100000 1 100000 8562
1 100000 1 100000 79759
1 100000 1 100000 14474
1 100000 1 100000 71007
1 100000 1 100000 52892
1 100000 1 100000 8393
1 100000 1 100000 40944
1 100000 1 100000 6102
1 100000 1 100000 64405
1 100000 1 100000 74549
1 100000 1 100000 95687
1 100000 1 100000 56572
1 100000 1 100000 87926
1 100000 1 100000 75421
1 100000 1 100000 64651
1 100000 1 100000 51089
1 100000 1 100000 34993
1 100000 1 100000 47873
1 100000 1 100000 60416
1 100000 1 100000 6301
1 100000 1 100000 68375
1 100000 1 100000 36098
1 100000 1 100000 88313
1 100000 1 100000 4398
1 100000 1 100000 7173
1 100000 1 100000 69840
1 100000 1 100000 85324
1 100000 1 100000 74120
1 100000 1 100000 76612
1 100000 1 100000 77736
1 100000 1 100000 92939
1 100000 1 100000 42747
1 100000 1 100000 53159
1 100000 1 100000 61942
1 100000 1 100000 63799
1 100000 1 100000 72036
1 100000 1 100000 46686
1 100000 1 100000 42102
1 100000 1 100000 81460
1 100000 1 100000 83016
1 100000 1 100000 88520
1 100000 1 100000 2498
1 100000 1 100000 59431
1 100000 1 100000 20509
1 100000 1 100000 87697
1 100000 1 100000 16017
1 100000 1 100000 86857
1 100000 1 100000 26158
1 100000 1 100000 96558
1 100000 1 100000 13789
1 100000 1 100000 94489
1 100000 1 100000 94781
1 100000 1 100000 49251
1 100000 1 100000 82550
1 100000 1 100000 25
1 100000 1 100000 3708
1 100000 1 100000 26694
1 100000 1 100000 99316
1 100000 1 100000 47897
1 100000 1 100000 94153
1 100000 1 100000 97489
1 100000 1 100000 29378
1 100000 1 100000 33719
1 100000 1 100000 44735
1 100000 1 100000 65985
1 100000 1 100000 8136
1 100000 1 100000 87218
1 100000 1 100000 83571
1 100000 1 100000 40868
1 100000 1 100000 40498
1 100000 1 100000 37632
1 100000 1 100000 45601
1 100000 1 100000 23757
1 100000 1 100000 36668
1 100000 1 100000 50417
1 100000 1 100000 97668
1 100000 1 100000 58544
1 100000 1 100000 48511
1 100000 1 100000 46505
1 100000 1 100000 58736
1 100000 1 100000 32474
1 100000 1 100000 96607
1 100000 1 100000 14090
1 100000 1 100000 55795
1 100000 1 100000 44341
1 100000 1 100000 78481
1 100000 1 100000 21018
1 100000 1 100000 22600
1 100000 1 100000 75786
1 100000 1 100000 62993
1 100000 1 100000 83812
1 100000 1 100000 13884
1 100000 1 100000 27507
1 100000 1 100000 47790
1 100000 1 100000 64968
1 100000 1 100000 21867
1 100000 1 100000 20600
1 100000 1 100000 84143
1 100000 1 100000 67189
1 100000 1 100000 27978
1 100000 1 100000 56858
1 100000 1 100000 35490
1 100000 1 100000 50925
1 100000 1 100000 66261
1 100000 1 100000 25848
1 100000 1 100000 53962
1 100000 1 100000 4485
1 100000 1 100000 56801
1 100000 1 100000 17073
1 100000 1 100000 85180
1 100000 1 100000 10383
1 100000 1 100000 85709
1 100000 1 100000 12710
1 100000 1 100000 76629
1 100000 1 100000 62589
1 100000 1 100000 51825
1 100000 1 100000 18395
1 100000 1 100000 10523
1 100000 1 100000 28007
1 100000 1 100000 63286
1 100000 1 100000 11418
1 100000 1 100000 65387
1 100000 1 100000 49608
1 100000 1 100000 53412
1 100000 1 100000 17304
1 100000 1 100000 56369
1 100000 1 100000 81265
1 100000 1 100000 29388
1 100000 1 100000 29171
1 100000 1 100000 57155
1 100000 1 100000 87283
1 100000 1 100000 41343
1 100000 1 100000 35441
1 100000 1 100000 15466
1 100000 1 100000 34911
1 100000 1 100000 47079
1 100000 1 100000 31395
1 100000 1 100000 31891
1 100000 1 100000 6173
1 100000 1 100000 36130
1 100000 1 100000 95781
1 100000 1 100000 9623
1 100000 1 100000 56833
1 100000 1 100000 82217
1 100000 1 100000 15238
1 100000 1 100000 72066
1 100000 1 100000 10185
1 100000 1 100000 88483
1 100000 1 100000 42555
1 100000 1 100000 98329
1 100000 1 100000 64265
1 100000 1 100000 71094
1 100000 1 100000 38659
1 100000 1 100000 89820
1 100000 1 100000 77968
1 100000 1 100000 68650
1 100000 1 100000 81266
1 100000 1 100000 42772
1 100000 1 100000 30570
1 100000 1 100000 64346
1 100000 1 100000 37485
1 100000 1 100000 36010
1 100000 1 100000 61134
1 100000 1 100000 75005
1 100000 1 100000 25862
1 100000 1 100000 46674
1 100000 1 100000 79897
1 100000 1 100000 70798
1 100000 1 100000 95890
1 100000 1 100000 53174
1 100000 1 100000 76669
1 100000 1 100000 70530
1 100000 1 100000 81736
1 100000 1 100000 78367
1 100000 1 100000 66876
1 100000 1 100000 93021
1 100000 1 100000 36674
1 100000 1 100000 3668
1 100000 1 100000 80455
1 100000 1 100000 47319
1 100000 1 100000 94518
1 100000 1 100000 29790
1 100000 1 100000 16798
1 100000 1 100000 27701
1 100000 1 100000 90051
1 100000 1 100000 40020
1 100000 1 100000 34610
1 100000 1 100000 44880
1 100000 1 100000 20331
1 100000 1 100000 82289
1 100000 1 100000 72537
1 100000 1 100000 70843
1 100000 1 100000 93929
1 100000 1 100000 10638
1 100000 1 100000 20526
1 100000 1 100000 77016
1 100000 1 100000 63524
1 100000 1 100000 57208
1 100000 1 100000 9755
1 100000 1 100000 27127
1 100000 1 100000 81297
1 100000 1 100000 19393
1 100000 1 100000 39108
1 100000 1 100000 61280
1 100000 1 100000 46715
1 100000 1 100000 86135
1 100000 1 100000 18170
1 100000 1 100000 51248
1 100000 1 100000 79054
1 100000 1 100000 88467
1 100000 1 100000 12015
1 100000 1 100000 87631
1 100000 1 100000 65122
1 100000 1 100000 51033
1 100000 1 100000 26954
1 100000 1 100000 83591
1 100000 1 100000 21346
1 100000 1 100000 43906
1 100000 1 100000 47108
1 100000 1 100000 34514
1 100000 1 100000 7433
1 100000 1 100000 92206
1 100000 1 100000 42588
1 100000 1 100000 66242
1 100000 1 100000 28286
1 100000 1 100000 20349
1 100000 1 100000 56242
1 100000 1 100000 9726
1 100000 1 100000 95731
1 100000 1 100000 70263
1 100000 1 100000 50975
1 100000 1 100000 16262
1 100000 1 100000 90681
1 100000 1 100000 94535
1 100000 1 100000 22314
1 100000 1 100000 2044
1 100000 1 100000 42257
1 100000 1 100000 93795
1 100000 1 100000 2478
1 100000 1 100000 16447
1 100000 1 100000 84952
1 100000 1 100000 31318
1 100000 1 100000 15935
1 100000 1 100000 39310
1 100000 1 100000 43344
1 100000 1 100000 98063
1 100000 1 100000 83969
1 100000 1 100000 51666
1 100000 1 100000 91554
1 100000 1 100000 93104
1 100000 1 100000 80065
1 100000 1 100000 49118
1 100000 1 100000 29480
1 100000 1 100000 74099
1 100000 1 100000 62971
1 100000 1 100000 54047
1 100000 1 100000 46318
1 100000 1 100000 63447
1 100000 1 100000 97677
1 100000 1 100000 91248
1 100000 1 100000 14932
1 100000 1 100000 60643
1 100000 1 100000 10073
1 100000 1 100000 85905
1 100000 1 100000 84680
1 100000 1 100000 55611
1 100000 1 100000 83577
1 100000 1 100000 64694
1 100000 1 100000 94630
1 100000 1 100000 70653
1 100000 1 100000 39807
1 100000 1 100000 69193
1 100000 1 100000 66631
1 100000 1 100000 65789
1 100000 1 100000 31150
1 100000 1 100000 89360
1 100000 1 100000 83056
1 100000 1 100000 61578
1 100000 1 100000 26551
1 100000 1 100000 80997
1 100000 1 100000 73338
1 100000 1 100000 78041
1 100000 1 100000 28648
1 100000 1 100000 997
1 100000 1 100000 38403
1 100000 1 100000 80637
1 100000 1 100000 2060
1 100000 1 100000 41334
1 100000 1 100000 99719
1 100000 1 100000 55124
1 100000 1 100000 24515
1 100000 1 100000 83119
1 100000 1 100000 74637
1 100000 1 100000 49810
1 100000 1 100000 27742
1 100000 1 100000 57742
1 100000 1 100000 8474
1 100000 1 100000 20769
1 100000 1 100000 85098
1 100000 1 100000 74348
1 100000 1 100000 49553
1 100000 1 100000 49637
1 100000 1 100000 74025
1 100000 1 100000 21255
1 100000 1 100000 61013
1 100000 1 100000 36497
1 100000 1 100000 54778
1 100000 1 100000 42280
1 100000 1 100000 92530
1 100000 1 100000 66870
1 100000 1 100000 8030
1 100000 1 100000 99173
1 100000 1 100000 17700
1 100000 1 100000 74833
1 100000 1 100000 7910
1 100000 1 100000 63543
1 100000 1 100000 95290
1 100000 1 100000 91420
1 100000 1 100000 17156
1 100000 1 100000 44777
1 100000 1 100000 88061
1 100000 1 100000 12047
1 100000 1 100000 15956
1 100000 1 100000 7934
1 100000 1 100000 58448
1 100000 1 100000 36698
1 100000 1 100000 78243
1 100000 1 100000 1415
1 100000 1 100000 28404
1 100000 1 100000 41270
1 100000 1 100000 1419
1 100000 1 100000 82266
1 100000 1 100000 63733
1 100000 1 100000 81505
1 100000 1 100000 56808
1 100000 1 100000 32584
1 100000 1 100000 85492
1 100000 1 100000 93743
1 100000 1 100000 14983
1 100000 1 100000 99845
1 100000 1 100000 11279
1 100000 1 100000 70306
1 100000 1 100000 15706
1 100000 1 100000 51627
1 100000 1 100000 83751
1 100000 1 100000 79386
1 100000 1 100000 26829
1 100000 1 100000 86470
1 100000 1 100000 95468
1 100000 1 100000 28561
1 100000 1 100000 43029
1 100000 1 100000 59420
1 100000 1 100000 14486
1 100000 1 100000 93943
1 100000 1 100000 91872
1 100000 1 100000 19039
1 100000 1 100000 88103
1 100000 1 100000 25877
1 100000 1 100000 67429
1 100000 1 100000 88580
1 100000 1 100000 32729
1 100000 1 100000 6254
1 100000 1 100000 94197
1 100000 1 100000 49797
1 100000 1 100000 46893
1 100000 1 100000 31771
1 100000 1 100000 3259
1 100000 1 100000 26089
1 100000 1 100000 82224
1 100000 1 100000 56492
1 100000 1 100000 20354
1 100000 1 100000 46708
1 100000 1 100000 88079
1 100000 1 100000 10529
1 100000 1 100000 84247
1 100000 1 100000 39277
1 100000 1 100000 61510
1 100000 1 100000 33768
1 100000 1 100000 63840
1 100000 1 100000 35001
1 100000 1 100000 3362
1 100000 1 100000 70332
1 100000 1 100000 14527
1 100000 1 100000 68259
1 100000 1 100000 26786
1 100000 1 100000 61559
1 100000 1 100000 84339
1 100000 1 100000 41219
1 100000 1 100000 10298
1 100000 1 100000 18076
1 100000 1 100000 39922
1 100000 1 100000 38020
1 100000 1 100000 89764
1 100000 1 100000 65889
1 100000 1 100000 47730
1 100000 1 100000 57396
1 100000 1 100000 32378
1 100000 1 100000 97077
1 100000 1 100000 13608
1 100000 1 100000 91123
1 100000 1 100000 1827
1 100000 1 100000 10031
1 100000 1 100000 1887
1 100000 1 100000 49035
1 100000 1 100000 41114
1 100000 1 100000 19643
1 100000 1 100000 77774
1 100000 1 100000 10650
1 100000 1 100000 87294
1 100000 1 100000 35120
1 100000 1 100000 28232
1 100000 1 100000 95085
1 100000 1 100000 34718
1 100000 1 100000 7685
1 100000 1 100000 14403
1 100000 1 100000 29294
1 100000 1 100000 1499
1 100000 1 100000 58415
1 100000 1 100000 83028
1 100000 1 100000 21772
1 100000 1 100000 20180
1 100000 1 100000 67473
1 100000 1 100000 58386
1 100000 1 100000 85189
1 100000 1 100000 75939
1 100000 1 100000 88414
1 100000 1 100000 62066
1 100000 1 100000 20471
1 100000 1 100000 42514
1 100000 1 100000 49706
1 100000 1 100000 20977
1 100000 1 100000 33369
1 100000 1 100000 5762
1 100000 1 100000 49765
1 100000 1 100000 89548
1 100000 1 100000 20327
1 100000 1 100000 68464
1 100000 1 100000 32817
1 100000 1 100000 83502
1 100000 1 100000 96656
1 100000 1 100000 22445
1 100000 1 100000 17820
1 100000 1 100000 3248
1 100000 1 100000 6758
1 100000 1 100000 61948
1 100000 1 100000 76262
1 100000 1 100000 71131
1 100000 1 100000 70379
1 100000 1 100000 89988
1 100000 1 100000 1068
1 100000 1 100000 82307
1 100000 1 100000 57286
1 100000 1 100000 21136
1 100000 1 100000 79099
1 100000 1 100000 39639
1 100000 1 100000 19781
1 100000 1 100000 89439
1 100000 1 100000 33236
1 100000 1 100000 45898
1 100000 1 100000 66548
1 100000 1 100000 936
1 100000 1 100000 72941
1 100000 1 100000 34683
1 100000 1 100000 22810
1 100000 1 100000 74752
1 100000 1 100000 21559
1 100000 1 100000 80331
1 100000 1 100000 92118
1 100000 1 100000 69234
1 100000 1 100000 94860
1 100000 1 100000 69904
1 100000 1 100000 82782
1 100000 1 100000 10099
1 100000 1 100000 94089
1 100000 1 100000 6933
1 100000 1 100000 89865
1 100000 1 100000 68985
1 100000 1 100000 96869
1 100000 1 100000 1111
1 100000 1 100000 14722
1 100000 1 100000 90321
1 100000 1 100000 76105
1 100000 1 100000 77672
1 100000 1 100000 91216
1 100000 1 100000 18876
1 100000 1 100000 56471
1 100000 1 100000 8877
1 100000 1 100000 3587
1 100000 1 100000 5358
1 100000 1 100000 24393
1 100000 1 100000 49227
1 100000 1 100000 85846
1 100000 1 100000 12855
1 100000 1 100000 9299
1 100000 1 100000 59265
1 100000 1 100000 69905
1 100000 1 100000 16396
1 100000 1 100000 98228
1 100000 1 100000 89749
1 100000 1 100000 5331
1 100000 1 100000 65787
1 100000 1 100000 31088
1 100000 1 100000 16416
1 100000 1 100000 42715
1 100000 1 100000 45949
1 100000 1 100000 74361
1 100000 1 100000 43584
1 100000 1 100000 8781
1 100000 1 100000 1893
1 100000 1 100000 83268
1 100000 1 100000 38412
1 100000 1 100000 43087
1 100000 1 100000 74555
1 100000 1 100000 7616
1 100000 1 100000 38018
1 100000 1 100000 75400
1 100000 1 100000 43683
1 100000 1 100000 61687
1 100000 1 100000 6294
1 100000 1 100000 48603
1 100000 1 100000 69367
1 100000 1 100000 35760
1 100000 1 100000 96405
1 100000 1 100000 7279
1 100000 1 100000 63688
1 100000 1 100000 17380
1 100000 1 100000 62338
1 100000 1 100000 4457
1 100000 1 100000 81561
1 100000 1 100000 2724
1 100000 1 100000 65963
1 100000 1 100000 22318
1 100000 1 100000 45924
1 100000 1 100000 34397
1 100000 1 100000 81817
1 100000 1 100000 85208
1 100000 1 100000 71355
1 100000 1 100000 87476
1 100000 1 100000 5533
1 100000 1 100000 48031
1 100000 1 100000 70078
1 100000 1 100000 19929
1 100000 1 100000 67896
1 100000 1 100000 25648
1 100000 1 100000 65273
1 100000 1 100000 97131
1 100000 1 100000 70418
1 100000 1 100000 14879
1 100000 1 100000 10811
1 100000 1 100000 46483
1 100000 1 100000 39222
1 100000 1 100000 28032
1 100000 1 100000 88992
1 100000 1 100000 36072
1 100000 1 100000 70161
1 100000 1 100000 95854
1 100000 1 100000 81921
1 100000 1 100000 13629
1 100000 1 100000 52096
1 100000 1 100000 78419
1 100000 1 100000 12144
1 100000 1 100000 65944
1 100000 1 100000 40844
1 100000 1 100000 39710
1 100000 1 100000 69444
1 100000 1 100000 43843
1 100000 1 100000 82814
1 100000 1 100000 58988
1 100000 1 100000 32572
1 100000 1 100000 45325
1 100000 1 100000 59549
1 100000 1 100000 33785
1 100000 1 100000 9492
1 100000 1 100000 84323
1 100000 1 100000 99558
1 100000 1 100000 68542
1 100000 1 100000 83959
1 100000 1 100000 23850
1 100000 1 100000 56435
1 100000 1 100000 18276
1 100000 1 100000 63964
1 100000 1 100000 76385
1 100000 1 100000 69053
1 100000 1 100000 97522
1 100000 1 100000 7520
1 100000 1 100000 58749
1 100000 1 100000 39515
1 100000 1 100000 21710
1 100000 1 100000 49150
1 100000 1 100000 49280
1 100000 1 100000 12907
1 100000 1 100000 15657
1 100000 1 100000 2215
1 100000 1 100000 10429
1 100000 1 100000 69728
1 100000 1 100000 1395
1 100000 1 100000 68197
1 100000 1 100000 3830
1 100000 1 100000 49912
1 100000 1 100000 62469
1 100000 1 100000 32159
1 100000 1 100000 93554
1 100000 1 100000 22087
1 100000 1 100000 86461
1 100000 1 100000 89240
1 100000 1 100000 43866
1 100000 1 100000 33512
1 100000 1 100000 62113
1 100000 1 100000 16036
1 100000 1 100000 37670
1 100000 1 100000 22767
1 100000 1 100000 49510
1 100000 1 100000 46868
1 100000 1 100000 87027
1 100000 1 100000 78376
1 100000 1 100000 73986
1 100000 1 100000 48880
1 100000 1 100000 61888
1 100000 1 100000 64178
1 100000 1 100000 50923
1 100000 1 100000 28113
1 100000 1 100000 81843
1 100000 1 100000 23607
1 100000 1 100000 74814
1 100000 1 100000 5270
1 100000 1 100000 79895
1 100000 1 100000 18093
1 100000 1 100000 79869
1 100000 1 100000 18316
1 100000 1 100000 21713
1 100000 1 100000 85115
1 100000 1 100000 51363
1 100000 1 100000 73955
1 100000 1 100000 21231
1 100000 1 100000 13202
1 100000 1 100000 70672
1 100000 1 100000 71512
1 100000 1 100000 19866
1 100000 1 100000 6062
1 100000 1 100000 24519
1 100000 1 100000 82329
1 100000 1 100000 78929
1 100000 1 100000 38050
1 100000 1 100000 43004
1 100000 1 100000 99963
1 100000 1 100000 62101
1 100000 1 100000 26276
1 100000 1 100000 23104
1 100000 1 100000 48885
1 100000 1 100000 9891
1 100000 1 100000 14875
1 100000 1 100000 9421
1 100000 1 100000 85867
1 100000 1 100000 81766
1 100000 1 100000 17769
1 100000 1 100000 84512
1 100000 1 100000 7667
1 100000 1 100000 51498
1 100000 1 100000 31648
1 100000 1 100000 2059
1 100000 1 100000 27877
1 100000 1 100000 64008
1 100000 1 100000 37914
1 100000 1 100000 93403
1 100000 1 100000 28651
1 100000 1 100000 67114
1 100000 1 100000 45553
1 100000 1 100000 89005
1 100000 1 100000 58250
1 100000 1 100000 40068
1 100000 1 100000 58170
1 100000 1 100000 86294
1 100000 1 100000 64104
1 100000 1 100000 97041
1 100000 1 100000 60539
1 100000 1 100000 83340
1 100000 1 100000 80791
1 100000 1 100000 54743
1 100000 1 100000 11144
1 100000 1 100000 27928
1 100000 1 100000 72676
1 100000 1 100000 39251
1 100000 1 100000 97855
1 100000 1 100000 68771
1 100000 1 100000 56546
1 100000 1 100000 83338
1 100000 1 100000 74401
1 100000 1 100000 43988
1 100000 1 100000 8572
1 100000 1 100000 627
1 100000 1 100000 94686
1 100000 1 100000 68219
1 100000 1 100000 54620
1 100000 1 100000 57069
1 100000 1 100000 10667
1 100000 1 100000 20692
1 100000 1 100000 7739
1 100000 1 100000 58805
1 100000 1 100000 87001
1 100000 1 100000 28281
1 100000 1 100000 11790
1 100000 1 100000 60011
1 100000 1 100000 73730
1 100000 1 100000 89975
1 100000 1 100000 17047
1 100000 1 100000 77647
1 100000 1 100000 90888
1 100000 1 100000 35323
1 100000 1 100000 72121
1 100000 1 100000 56454
1 100000 1 100000 78064
1 100000 1 100000 2731
1 100000 1 100000 30187
1 100000 1 100000 26725
1 100000 1 100000 97209
1 100000 1 100000 76372
1 100000 1 100000 50629
1 100000 1 100000 58204
1 100000 1 100000 27081
1 100000 1 100000 59863
1 100000 1 100000 70801
1 100000 1 100000 55750
1 100000 1 100000 15025
1 100000 1 100000 53709
1 100000 1 100000 76659
1 100000 1 100000 68016
1 100000 1 100000 57681
1 100000 1 100000 20142
1 100000 1 100000 72655
1 100000 1 100000 40089
1 100000 1 100000 62228
1 100000 1 100000 86465
1 100000 1 100000 81180
1 100000 1 100000 2841
1 100000 1 100000 52379
1 100000 1 100000 2512
1 100000 1 100000 51800
1 100000 1 100000 55944
1 100000 1 100000 37599
1 100000 1 100000 29741
1 100000 1 100000 89361
1 100000 1 100000 51835
1 100000 1 100000 84122
1 100000 1 100000 62294
1 100000 1 100000 19052
1 100000 1 100000 2174
1 100000 1 100000 69492
1 100000 1 100000 87576
1 100000 1 100000 13752
1 100000 1 100000 87014
1 100000 1 100000 78295
1 100000 1 100000 53181
1 100000 1 100000 33092
1 100000 1 100000 70092
1 100000 1 100000 86789
1 100000 1 100000 55665
1 100000 1 100000 99663
1 100000 1 100000 91203
1 100000 1 100000 24943
1 100000 1 100000 35670
1 100000 1 100000 28716
1 100000 1 100000 47249
1 100000 1 100000 24045
1 100000 1 100000 84383
1 100000 1 100000 24491
1 100000 1 100000 27042
1 100000 1 100000 36353
1 100000 1 100000 57799
1 100000 1 100000 80713
1 100000 1 100000 45338
1 100000 1 100000 62772
1 100000 1 100000 12877
1 100000 1 100000 39758
1 100000 1 100000 53984
1 100000 1 100000 81942
1 100000 1 100000 43270
1 100000 1 100000 421
1 100000 1 100000 61862
1 100000 1 100000 27608
1 100000 1 100000 60015
1 100000 1 100000 46807
1 100000 1 100000 69319
1 100000 1 100000 31290
1 100000 1 100000 78071
1 100000 1 100000 26190
1 100000 1 100000 61949
1 100000 1 100000 55619
1 100000 1 100000 95685
1 100000 1 100000 79235
1 100000 1 100000 2116
1 100000 1 100000 86729
1 100000 1 100000 39232
1 100000 1 100000 75681
1 100000 1 100000 20206
1 100000 1 100000 74582
1 100000 1 100000 37509
1 100000 1 100000 50050
1 100000 1 100000 90642
1 100000 1 100000 18525
1 100000 1 100000 21919
1 100000 1 100000 23965
1 100000 1 100000 57961
1 100000 1 100000 8096
1 100000 1 100000 11518
1 100000 1 100000 5957
1 100000 1 100000 23359
1 100000 1 100000 87230
1 100000 1 100000 3692
1 100000 1 100000 1384
1 100000 1 100000 99170
1 100000 1 100000 11293
1 100000 1 100000 91546
1 100000 1 100000 14108
1 100000 1 100000 98982
1 100000 1 100000 3154
1 100000 1 100000 7823
1 100000 1 100000 17841
1 100000 1 100000 24828
1 100000 1 100000 9661
1 100000 1 100000 29760
1 100000 1 100000 70224
1 100000 1 100000 90785
1 100000 1 100000 66254
1 100000 1 100000 41109
1 100000 1 100000 56178
1 100000 1 100000 92689
1 100000 1 100000 95281
1 100000 1 100000 69998
1 100000 1 100000 97675
1 100000 1 100000 41515
1 100000 1 100000 12584
1 100000 1 100000 46118
1 100000 1 100000 1357
1 100000 1 100000 22499
1 100000 1 100000 63693
1 100000 1 100000 52297
1 100000 1 100000 20833
1 100000 1 100000 508
1 100000 1 100000 5523
1 100000 1 100000 81384
1 100000 1 100000 88972
1 100000 1 100000 58585
1 100000 1 100000 57577
1 100000 1 100000 36970
1 100000 1 100000 51884
1 100000 1 100000 39737
1 100000 1 100000 47144
1 100000 1 100000 2766
1 100000 1 100000 19920
1 100000 1 100000 66056
1 100000 1 100000 64472
1 100000 1 100000 87318
1 100000 1 100000 38929
1 100000 1 100000 91475
1 100000 1 100000 34509
1 100000 1 100000 39268
1 100000 1 100000 86625
1 100000 1 100000 82445
1 100000 1 100000 60867
1 100000 1 100000 76306
1 100000 1 100000 15427
1 100000 1 100000 49131
1 100000 1 100000 98463
1 100000 1 100000 52508
1 100000 1 100000 61085
1 100000 1 100000 46598
1 100000 1 100000 10712
1 100000 1 100000 25854
1 100000 1 100000 38008
1 100000 1 100000 89812
1 100000 1 100000 57119
1 100000 1 100000 75198
1 100000 1 100000 42643
1 100000 1 100000 64766
1 100000 1 100000 68242
1 100000 1 100000 31091
1 100000 1 100000 47156
1 100000 1 100000 77950
1 100000 1 100000 91575
1 100000 1 100000 73398
1 100000 1 100000 49067
1 100000 1 100000 26363
1 100000 1 100000 44961
1 100000 1 100000 78130
1 100000 1 100000 39812
1 100000 1 100000 11994
1 100000 1 100000 16800
1 100000 1 100000 23621
1 100000 1 100000 25156
1 100000 1 100000 47380
1 100000 1 100000 47890
1 100000 1 100000 62265
1 100000 1 100000 84111
1 100000 1 100000 40309
1 100000 1 100000 98966
1 100000 1 100000 29067
1 100000 1 100000 67984
1 100000 1 100000 85111
1 100000 1 100000 44064
1 100000 1 100000 21956
1 100000 1 100000 81059
1 100000 1 100000 56873
1 100000 1 100000 84017
1 100000 1 100000 10460
1 100000 1 100000 89063
1 100000 1 100000 74029
1 100000 1 100000 44364
1 100000 1 100000 820
1 100000 1 100000 18535
1 100000 1 100000 20029
1 100000 1 100000 79884
1 100000 1 100000 83663
1 100000 1 100000 12850
1 100000 1 100000 8925
1 100000 1 100000 77189
1 100000 1 100000 23390
1 100000 1 100000 43559
1 100000 1 100000 88549
1 100000 1 100000 92873
1 100000 1 100000 5264
1 100000 1 100000 44363
1 100000 1 100000 65210
1 100000 1 100000 19155
1 100000 1 100000 45851
1 100000 1 100000 56588
1 100000 1 100000 56540
1 100000 1 100000 81305
1 100000 1 100000 77183
1 100000 1 100000 56234
1 100000 1 100000 59139
1 100000 1 100000 28641
1 100000 1 100000 41857
1 100000 1 100000 63219
1 100000 1 100000 90664
1 100000 1 100000 96378
1 100000 1 100000 889
1 100000 1 100000 19307
1 100000 1 100000 75549
1 100000 1 100000 30750
1 100000 1 100000 26080
1 100000 1 100000 60819
1 100000 1 100000 64902
1 100000 1 100000 99858
1 100000 1 100000 11737
1 100000 1 100000 6966
1 100000 1 100000 64042
1 100000 1 100000 95385
1 100000 1 100000 63263
1 100000 1 100000 73899
1 100000 1 100000 62968
1 100000 1 100000 51874
1 100000 1 100000 68816
1 100000 1 100000 34723
1 100000 1 100000 80868
1 100000 1 100000 9228
1 100000 1 100000 3245
1 100000 1 100000 8470
1 100000 1 100000 63902
1 100000 1 100000 73079
1 100000 1 100000 89190
1 100000 1 100000 88380
1 100000 1 100000 59775
1 100000 1 100000 31642
1 100000 1 100000 62041
1 100000 1 100000 3755
1 100000 1 100000 21873
1 100000 1 100000 85554
1 100000 1 100000 74253
1 100000 1 100000 74619
1 100000 1 100000 17955
1 100000 1 100000 93778
1 100000 1 100000 3378
1 100000 1 100000 15157
1 100000 1 100000 68053
1 100000 1 100000 13272
1 100000 1 100000 90521
1 100000 1 100000 56309
1 100000 1 100000 23345
1 100000 1 100000 63493
1 100000 1 100000 38595
1 100000 1 100000 96012
1 100000 1 100000 63880
1 100000 1 100000 76896
1 100000 1 100000 83515
1 100000 1 100000 93892
1 100000 1 100000 62458
1 100000 1 100000 17877
1 100000 1 100000 56241
1 100000 1 100000 46960
1 100000 1 100000 70532
1 100000 1 100000 89136
1 100000 1 100000 96915
1 100000 1 100000 62925
1 100000 1 100000 43230
1 100000 1 100000 42199
1 100000 1 100000 95447
1 100000 1 100000 15954
1 100000 1 100000 38394
1 100000 1 100000 44144
1 100000 1 100000 63200
1 100000 1 100000 59911
1 100000 1 100000 87672
1 100000 1 100000 53438
1 100000 1 100000 72951
1 100000 1 100000 33981
1 100000 1 100000 64200
1 100000 1 100000 50304
1 100000 1 100000 5818
1 100000 1 100000 50296
1 100000 1 100000 70829
1 100000 1 100000 63864
1 100000 1 100000 84355
1 100000 1 100000 44420
1 100000 1 100000 59124
1 100000 1 100000 21183
1 100000 1 100000 12551
1 100000 1 100000 620
1 100000 1 100000 21107
1 100000 1 100000 43771
1 100000 1 100000 70524
1 100000 1 100000 30853
1 100000 1 100000 86432
1 100000 1 100000 29393
1 100000 1 100000 15125
1 100000 1 100000 42419
1 100000 1 100000 22775
1 100000 1 100000 14670
1 100000 1 100000 98691
1 100000 1 100000 82983
1 100000 1 100000 48072
1 100000 1 100000 89509
1 100000 1 100000 97382
1 100000 1 100000 33508
1 100000 1 100000 30112
1 100000 1 100000 15200
1 100000 1 100000 89292
1 100000 1 100000 42123
1 100000 1 100000 81944
1 100000 1 100000 16062
1 100000 1 100000 53621
1 100000 1 100000 94110
1 100000 1 100000 71806
1 100000 1 100000 60860
1 100000 1 100000 66509
1 100000 1 100000 67187
1 100000 1 100000 6647
1 100000 1 100000 46158
1 100000 1 100000 36576
1 100000 1 100000 78655
1 100000 1 100000 32573
1 100000 1 100000 98715
1 100000 1 100000 16250
1 100000 1 100000 45713
1 100000 1 100000 75707
1 100000 1 100000 76609
1 100000 1 100000 36168
1 100000 1 100000 9068
1 100000 1 100000 53624
1 100000 1 100000 59215
1 100000 1 100000 96728
1 100000 1 100000 22180
1 100000 1 100000 50252
1 100000 1 100000 72476
1 100000 1 100000 19299
1 100000 1 100000 99557
1 100000 1 100000 68438
1 100000 1 100000 78921
1 100000 1 100000 13386
1 100000 1 100000 72696
1 100000 1 100000 98146
1 100000 1 100000 73754
1 100000 1 100000 20931
1 100000 1 100000 54063
1 100000 1 100000 12552
1 100000 1 100000 10173
1 100000 1 100000 83157
1 100000 1 100000 15027
1 100000 1 100000 38047
1 100000 1 100000 96410
1 100000 1 100000 82791
1 100000 1 100000 76253
1 100000 1 100000 2321
1 100000 1 100000 15509
1 100000 1 100000 21115
1 100000 1 100000 35658
1 100000 1 100000 74273
1 100000 1 100000 84150
1 100000 1 100000 14858
1 100000 1 100000 22830
1 100000 1 100000 97232
1 100000 1 100000 39589
1 100000 1 100000 70919
1 100000 1 100000 94562
1 100000 1 100000 60392
1 100000 1 100000 7323
1 100000 1 100000 41354
1 100000 1 100000 81667
1 100000 1 100000 58174
1 100000 1 100000 47008
1 100000 1 100000 9980
1 100000 1 100000 46427
1 100000 1 100000 2450
1 100000 1 100000 88582
1 100000 1 100000 86282
1 100000 1 100000 36201
1 100000 1 100000 60651
1 100000 1 100000 6736
1 100000 1 100000 79245
1 100000 1 100000 18819
1 100000 1 100000 5206
1 100000 1 100000 74992
1 100000 1 100000 35749
1 100000 1 100000 10696
1 100000 1 100000 15051
1 100000 1 100000 94309
1 100000 1 100000 54782
1 100000 1 100000 23000
1 100000 1 100000 82315
1 100000 1 100000 21659
1 100000 1 100000 86508
1 100000 1 100000 64563
1 100000 1 100000 54873
1 100000 1 100000 30015
1 100000 1 100000 89553
1 100000 1 100000 33128
1 100000 1 100000 12727
1 100000 1 100000 28074
1 100000 1 100000 68426
1 100000 1 100000 11670
1 100000 1 100000 30754
1 100000 1 100000 82976
1 100000 1 100000 35619
1 100000 1 100000 5951
1 100000 1 100000 70456
1 100000 1 100000 15497
1 100000 1 100000 18472
1 100000 1 100000 95978
1 100000 1 100000 23149
1 100000 1 100000 20775
1 100000 1 100000 74854
1 100000 1 100000 35928
1 100000 1 100000 5169
1 100000 1 100000 72763
1 100000 1 100000 53191
1 100000 1 100000 26568
1 100000 1 100000 1058
1 100000 1 100000 77504
1 100000 1 100000 2383
1 100000 1 100000 54124
1 100000 1 100000 89867
1 100000 1 100000 49842
1 100000 1 100000 99711
1 100000 1 100000 58016
1 100000 1 100000 35074
1 100000 1 100000 3144
1 100000 1 100000 82155
1 100000 1 100000 80586
1 100000 1 100000 56305
1 100000 1 100000 6476
1 100000 1 100000 87275
1 100000 1 100000 2403
1 100000 1 100000 57078
1 100000 1 100000 84344
1 100000 1 100000 87009
1 100000 1 100000 92441
1 100000 1 100000 24624
1 100000 1 100000 60841
1 100000 1 100000 85837
1 100000 1 100000 35739
1 100000 1 100000 82571
1 100000 1 100000 511
1 100000 1 100000 71825
1 100000 1 100000 99832
1 100000 1 100000 84813
1 100000 1 100000 9800
1 100000 1 100000 49817
1 100000 1 100000 88128
1 100000 1 100000 31628
1 100000 1 100000 79325
1 100000 1 100000 28339
1 100000 1 100000 23785
1 100000 1 100000 49489
1 100000 1 100000 84710
1 100000 1 100000 40805
1 100000 1 100000 15870
1 100000 1 100000 82372
1 100000 1 100000 39008
1 100000 1 100000 49990
1 100000 1 100000 80627
1 100000 1 100000 62008
1 100000 1 100000 5755
1 100000 1 100000 66165
1 100000 1 100000 95633
1 100000 1 100000 97581
1 100000 1 100000 30807
1 100000 1 100000 45887
1 100000 1 100000 73261
1 100000 1 100000 60678
1 100000 1 100000 96573
1 100000 1 100000 17819
1 100000 1 100000 27962
1 100000 1 100000 91112
1 100000 1 100000 24086
1 100000 1 100000 27956
1 100000 1 100000 24793
1 100000 1 100000 70204
1 100000 1 100000 5648
1 100000 1 100000 45962
1 100000 1 100000 60356
1 100000 1 100000 70113
1 100000 1 100000 73056
1 100000 1 100000 85970
1 100000 1 100000 18067
1 100000 1 100000 74507
1 100000 1 100000 68430
1 100000 1 100000 51820
1 100000 1 100000 29895
1 100000 1 100000 35646
1 100000 1 100000 57251
1 100000 1 100000 97468
1 100000 1 100000 77526
1 100000 1 100000 21886
1 100000 1 100000 93492
1 100000 1 100000 17660
1 100000 1 100000 48449
1 100000 1 100000 81355
1 100000 1 100000 11297
1 100000 1 100000 37677
1 100000 1 100000 64285
1 100000 1 100000 40664
1 100000 1 100000 57507
1 100000 1 100000 67483
1 100000 1 100000 4287
1 100000 1 100000 89726
1 100000 1 100000 96194
1 100000 1 100000 370
1 100000 1 100000 55925
1 100000 1 100000 68465
1 100000 1 100000 26135
1 100000 1 100000 27155
1 100000 1 100000 58150
1 100000 1 100000 7552
1 100000 1 100000 3639
1 100000 1 100000 40865
1 100000 1 100000 57500
1 100000 1 100000 65968
1 100000 1 100000 13769
1 100000 1 100000 91016
1 100000 1 100000 35276
1 100000 1 100000 61336
1 100000 1 100000 25899
1 100000 1 100000 33145
1 100000 1 100000 78432
1 100000 1 100000 77533
1 100000 1 100000 6660
1 100000 1 100000 38977
1 100000 1 100000 17355
1 100000 1 100000 58477
1 100000 1 100000 64647
1 100000 1 100000 69749
1 100000 1 100000 40880
1 100000 1 100000 2783
1 100000 1 100000 13212
1 100000 1 100000 3741
1 100000 1 100000 37848
1 100000 1 100000 55036
1 100000 1 100000 31909
1 100000 1 100000 15624
1 100000 1 100000 11831
1 100000 1 100000 59871
1 100000 1 100000 72125
1 100000 1 100000 23683
1 100000 1 100000 72966
1 100000 1 100000 85401
1 100000 1 100000 58861
1 100000 1 100000 99496
1 100000 1 100000 13037
1 100000 1 100000 2671
1 100000 1 100000 26242
1 100000 1 100000 89257
1 100000 1 100000 48878
1 100000 1 100000 33659
1 100000 1 100000 1900
1 100000 1 100000 29457
1 100000 1 100000 66820
1 100000 1 100000 37364
1 100000 1 100000 75294
1 100000 1 100000 2095
1 100000 1 100000 59241
1 100000 1 100000 68177
1 100000 1 100000 80807
1 100000 1 100000 52200
1 100000 1 100000 78983
1 100000 1 100000 90438
1 100000 1 100000 90815
1 100000 1 100000 99266
1 100000 1 100000 52492
1 100000 1 100000 68632
1 100000 1 100000 94449
1 100000 1 100000 88124
1 100000 1 100000 21848
1 100000 1 100000 44605
1 100000 1 100000 83873
1 100000 1 100000 79740
1 100000 1 100000 96585
1 100000 1 100000 65322
1 100000 1 100000 51610
1 100000 1 100000 80399
1 100000 1 100000 90124
1 100000 1 100000 56695
1 100000 1 100000 61681
1 100000 1 100000 45722
1 100000 1 100000 36963
1 100000 1 100000 33868
1 100000 1 100000 67828
1 100000 1 100000 12408
1 100000 1 100000 69991
1 100000 1 100000 79761
1 100000 1 100000 79901
1 100000 1 100000 72409
1 100000 1 100000 56604
1 100000 1 100000 71292
1 100000 1 100000 93034
1 100000 1 100000 25868
1 100000 1 100000 40152
1 100000 1 100000 62130
1 100000 1 100000 25823
1 100000 1 100000 19058
1 100000 1 100000 90136
1 100000 1 100000 30295
1 100000 1 100000 18248
1 100000 1 100000 88945
1 100000 1 100000 45492
1 100000 1 100000 30855
1 100000 1 100000 57006
1 100000 1 100000 41470
1 100000 1 100000 69434
1 100000 1 100000 43657
1 100000 1 100000 53570
1 100000 1 100000 69325
1 100000 1 100000 16603
1 100000 1 100000 2322
1 100000 1 100000 46787
1 100000 1 100000 64073
1 100000 1 100000 90440
1 100000 1 100000 43435
1 100000 1 100000 42805
1 100000 1 100000 57627
1 100000 1 100000 26151
1 100000 1 100000 94586
1 100000 1 100000 81214
1 100000 1 100000 27456
1 100000 1 100000 24661
1 100000 1 100000 42461
1 100000 1 100000 57170
1 100000 1 100000 44369
1 100000 1 100000 23806
1 100000 1 100000 89800
1 100000 1 100000 46146
1 100000 1 100000 45923
1 100000 1 100000 15156
1 100000 1 100000 68535
1 100000 1 100000 76078
1 100000 1 100000 21841
1 100000 1 100000 34823
1 100000 1 100000 77112
1 100000 1 100000 42051
1 100000 1 100000 47332
1 100000 1 100000 49458
1 100000 1 100000 91632
1 100000 1 100000 96923
1 100000 1 100000 92405
1 100000 1 100000 34103
1 100000 1 100000 69261
1 100000 1 100000 86422
1 100000 1 100000 76333
1 100000 1 100000 29482
1 100000 1 100000 96775
1 100000 1 100000 39110
1 100000 1 100000 47134
1 100000 1 100000 28332
1 100000 1 100000 27280
1 100000 1 100000 98948
1 100000 1 100000 39792
1 100000 1 100000 75764
1 100000 1 100000 68154
1 100000 1 100000 63320
1 100000 1 100000 65531
1 100000 1 100000 84386
1 100000 1 100000 92123
1 100000 1 100000 41058
1 100000 1 100000 83276
1 100000 1 100000 34763
1 100000 1 100000 39325
1 100000 1 100000 94293
1 100000 1 100000 40657
1 100000 1 100000 16735
1 100000 1 100000 64021
1 100000 1 100000 31397
1 100000 1 100000 48148
1 100000 1 100000 56387
1 100000 1 100000 38477
1 100000 1 100000 25707
1 100000 1 100000 87730
1 100000 1 100000 7691
1 100000 1 100000 85572
1 100000 1 100000 71648
1 100000 1 100000 59006
1 100000 1 100000 24038
1 100000 1 100000 47457
1 100000 1 100000 71751
1 100000 1 100000 49102
1 100000 1 100000 92991
1 100000 1 100000 74093
1 100000 1 100000 70043
1 100000 1 100000 60419
1 100000 1 100000 43798
1 100000 1 100000 23472
1 100000 1 100000 32427
1 100000 1 100000 7720
1 100000 1 100000 24963
1 100000 1 100000 25526
1 100000 1 100000 69747
1 100000 1 100000 21746
1 100000 1 100000 96024
1 100000 1 100000 37639
1 100000 1 100000 50325
1 100000 1 100000 94748
1 100000 1 100000 90914
1 100000 1 100000 79766
1 100000 1 100000 74873
1 100000 1 100000 45083
1 100000 1 100000 63824
1 100000 1 100000 99841
1 100000 1 100000 59743
1 100000 1 100000 35605
1 100000 1 100000 52261
1 100000 1 100000 33428
1 100000 1 100000 55943
1 100000 1 100000 86846
1 100000 1 100000 63665
1 100000 1 100000 1060
1 100000 1 100000 65193
1 100000 1 100000 55596
1 100000 1 100000 97227
1 100000 1 100000 86722
1 100000 1 100000 56595
1 100000 1 100000 15219
1 100000 1 100000 86682
1 100000 1 100000 71850
1 100000 1 100000 66678
1 100000 1 100000 66584
1 100000 1 100000 25966
1 100000 1 100000 28943
1 100000 1 100000 26180
1 100000 1 100000 7538
1 100000 1 100000 98072
1 100000 1 100000 3415
1 100000 1 100000 73541
1 100000 1 100000 36409
1 100000 1 100000 24422
1 100000 1 100000 95291
1 100000 1 100000 89117
1 100000 1 100000 78645
1 100000 1 100000 38
1 100000 1 100000 27842
1 100000 1 100000 38421
1 100000 1 100000 59501
1 100000 1 100000 78980
1 100000 1 100000 79288
1 100000 1 100000 10602
1 100000 1 100000 65612
1 100000 1 100000 77861
1 100000 1 100000 76760
1 100000 1 100000 3540
1 100000 1 100000 99084
1 100000 1 100000 3044
1 100000 1 100000 46421
1 100000 1 100000 17799
1 100000 1 100000 78335
1 100000 1 100000 8680
1 100000 1 100000 49052
1 100000 1 100000 33796
1 100000 1 100000 26043
1 100000 1 100000 78324
1 100000 1 100000 99642
1 100000 1 100000 72315
1 100000 1 100000 88968
1 100000 1 100000 27898
1 100000 1 100000 16777
1 100000 1 100000 64009
1 100000 1 100000 56227
1 100000 1 100000 67167
1 100000 1 100000 41609
1 100000 1 100000 97257
1 100000 1 100000 26788
1 100000 1 100000 68265
1 100000 1 100000 34227
1 100000 1 100000 80364
1 100000 1 100000 53147
1 100000 1 100000 36129
1 100000 1 100000 58505
1 100000 1 100000 85592
1 100000 1 100000 81238
1 100000 1 100000 37050
1 100000 1 100000 44273
1 100000 1 100000 65925
1 100000 1 100000 41964
1 100000 1 100000 5676
1 100000 1 100000 430
1 100000 1 100000 50028
1 100000 1 100000 7226
1 100000 1 100000 10452
1 100000 1 100000 2529
1 100000 1 100000 57152
1 100000 1 100000 58880
1 100000 1 100000 49328
1 100000 1 100000 36061
1 100000 1 100000 56445
1 100000 1 100000 44559
1 100000 1 100000 28419
1 100000 1 100000 34462
1 100000 1 100000 1763
1 100000 1 100000 97514
1 100000 1 100000 11706
1 100000 1 100000 60516
1 100000 1 100000 35664
1 100000 1 100000 12203
1 100000 1 100000 494
1 100000 1 100000 94800
1 100000 1 100000 73388
1 100000 1 100000 44334
1 100000 1 100000 97339
1 100000 1 100000 31106
1 100000 1 100000 64281
1 100000 1 100000 83190
1 100000 1 100000 26503
1 100000 1 100000 11209
1 100000 1 100000 60118
1 100000 1 100000 63970
1 100000 1 100000 14014
1 100000 1 100000 74423
1 100000 1 100000 46500
1 100000 1 100000 32674
1 100000 1 100000 16594
1 100000 1 100000 57221
1 100000 1 100000 16694
1 100000 1 100000 34702
1 100000 1 100000 44796
1 100000 1 100000 66375
1 100000 1 100000 63452
1 100000 1 100000 47924
1 100000 1 100000 57538
1 100000 1 100000 58260
1 100000 1 100000 15229
1 100000 1 100000 62631
1 100000 1 100000 10596
1 100000 1 100000 87585
1 100000 1 100000 98264
1 100000 1 100000 94164
1 100000 1 100000 23262
1 100000 1 100000 66100
1 100000 1 100000 9142
1 100000 1 100000 44781
1 100000 1 100000 35700
1 100000 1 100000 59437
1 100000 1 100000 88783
1 100000 1 100000 6767
1 100000 1 100000 52951
1 100000 1 100000 92111
1 100000 1 100000 40605
1 100000 1 100000 38849
1 100000 1 100000 34843
1 100000 1 100000 44441
1 100000 1 100000 15147
1 100000 1 100000 39426
1 100000 1 100000 88503
1 100000 1 100000 63283
1 100000 1 100000 62741
1 100000 1 100000 93108
1 100000 1 100000 78600
1 100000 1 100000 64573
1 100000 1 100000 5835
1 100000 1 100000 42472
1 100000 1 100000 37302
1 100000 1 100000 50404
1 100000 1 100000 70900
1 100000 1 100000 34352
1 100000 1 100000 64339
1 100000 1 100000 68519
1 100000 1 100000 10440
1 100000 1 100000 75884
1 100000 1 100000 54017
1 100000 1 100000 38946
1 100000 1 100000 38413
1 100000 1 100000 2261
1 100000 1 100000 12466
1 100000 1 100000 34243
1 100000 1 100000 59899
1 100000 1 100000 89428
1 100000 1 100000 92945
1 100000 1 100000 75635
1 100000 1 100000 75765
1 100000 1 100000 84808
1 100000 1 100000 49728
1 100000 1 100000 47661
1 100000 1 100000 11253
1 100000 1 100000 5944
1 100000 1 100000 35261
1 100000 1 100000 8059
1 100000 1 100000 75473
1 100000 1 100000 36820
1 100000 1 100000 33661
1 100000 1 100000 5225
1 100000 1 100000 17196
1 100000 1 100000 1589
1 100000 1 100000 78501
1 100000 1 100000 13756
1 100000 1 100000 1507
1 100000 1 100000 6435
1 100000 1 100000 88258
1 100000 1 100000 64946
1 100000 1 100000 993
1 100000 1 100000 2405
1 100000 1 100000 28835
1 100000 1 100000 24632
1 100000 1 100000 70254
1 100000 1 100000 40210
1 100000 1 100000 39705
1 100000 1 100000 67590
1 100000 1 100000 89195
1 100000 1 100000 18595
1 100000 1 100000 13278
1 100000 1 100000 30517
1 100000 1 100000 89587
1 100000 1 100000 5934
1 100000 1 100000 536
1 100000 1 100000 88294
1 100000 1 100000 59936
1 100000 1 100000 65549
1 100000 1 100000 84325
1 100000 1 100000 47963
1 100000 1 100000 73655
1 100000 1 100000 6276
1 100000 1 100000 59219
1 100000 1 100000 92436
1 100000 1 100000 15903
1 100000 1 100000 26800
1 100000 1 100000 93738
1 100000 1 100000 11787
1 100000 1 100000 72678
1 100000 1 100000 84022
1 100000 1 100000 47275
1 100000 1 100000 98964
1 100000 1 100000 29845
1 100000 1 100000 59119
1 100000 1 100000 20438
1 100000 1 100000 55023
1 100000 1 100000 78171
1 100000 1 100000 64875
1 100000 1 100000 88892
1 100000 1 100000 84962
1 100000 1 100000 64375
1 100000 1 100000 4985
1 100000 1 100000 12637
1 100000 1 100000 49075
1 100000 1 100000 31207
1 100000 1 100000 61194
1 100000 1 100000 68522
1 100000 1 100000 63009
1 100000 1 100000 2083
1 100000 1 100000 60215
1 100000 1 100000 26950
1 100000 1 100000 62701
1 100000 1 100000 95501
1 100000 1 100000 46578
1 100000 1 100000 94466
1 100000 1 100000 58990
1 100000 1 100000 6740
1 100000 1 100000 1446
1 100000 1 100000 52588
1 100000 1 100000 79196
1 100000 1 100000 86489
1 100000 1 100000 61175
1 100000 1 100000 76442
1 100000 1 100000 10164
1 100000 1 100000 63752
1 100000 1 100000 45407
1 100000 1 100000 77392
1 100000 1 100000 20461
1 100000 1 100000 30725
1 100000 1 100000 43720
1 100000 1 100000 44698
1 100000 1 100000 66239
1 100000 1 100000 60544
1 100000 1 100000 56068
1 100000 1 100000 90141
1 100000 1 100000 79434
1 100000 1 100000 3376
1 100000 1 100000 36794
1 100000 1 100000 48221
1 100000 1 100000 47295
1 100000 1 100000 31542
1 100000 1 100000 87102
1 100000 1 100000 11966
1 100000 1 100000 84818
1 100000 1 100000 19921
1 100000 1 100000 45410
1 100000 1 100000 68179
1 100000 1 100000 79118
1 100000 1 100000 34006
1 100000 1 100000 50024
1 100000 1 100000 91975
1 100000 1 100000 41861
1 100000 1 100000 16231
1 100000 1 100000 71955
1 100000 1 100000 32026
1 100000 1 100000 55193
1 100000 1 100000 68250
1 100000 1 100000 11106
1 100000 1 100000 14904
1 100000 1 100000 59688
1 100000 1 100000 23563
1 100000 1 100000 14681
1 100000 1 100000 65522
1 100000 1 100000 16803
1 100000 1 100000 16654
1 100000 1 100000 94275
1 100000 1 100000 21552
1 100000 1 100000 25874
1 100000 1 100000 18301
1 100000 1 100000 95805
1 100000 1 100000 91063
1 100000 1 100000 33827
1 100000 1 100000 50517
1 100000 1 100000 6973
1 100000 1 100000 21855
1 100000 1 100000 51999
1 100000 1 100000 25075
1 100000 1 100000 90665
1 100000 1 100000 40202
1 100000 1 100000 2660
1 100000 1 100000 8126
1 100000 1 100000 76041
1 100000 1 100000 69997
1 100000 1 100000 45305
1 100000 1 100000 26614
1 100000 1 100000 10143
1 100000 1 100000 26956
1 100000 1 100000 94864
1 100000 1 100000 68008
1 100000 1 100000 71772
1 100000 1 100000 9715
1 100000 1 100000 92447
1 100000 1 100000 67994
1 100000 1 100000 2658
1 100000 1 100000 32071
1 100000 1 100000 73391
1 100000 1 100000 28580
1 100000 1 100000 31512
1 100000 1 100000 3940
1 100000 1 100000 98388
1 100000 1 100000 50421
1 100000 1 100000 59376
1 100000 1 100000 52833
1 100000 1 100000 17472
1 100000 1 100000 84598
1 100000 1 100000 87970
1 100000 1 100000 25994
1 100000 1 100000 2751
1 100000 1 100000 9457
1 100000 1 100000 37741
1 100000 1 100000 75035
1 100000 1 100000 1467
1 100000 1 100000 6636
1 100000 1 100000 13836
1 100000 1 100000 25053
1 100000 1 100000 6566
1 100000 1 100000 57911
1 100000 1 100000 57712
1 100000 1 100000 56740
1 100000 1 100000 69510
1 100000 1 100000 33795
1 100000 1 100000 76438
1 100000 1 100000 49312
1 100000 1 100000 4085
1 100000 1 100000 82069
1 100000 1 100000 42983
1 100000 1 100000 98841
1 100000 1 100000 71805
1 100000 1 100000 49788
1 100000 1 100000 69802
1 100000 1 100000 59440
1 100000 1 100000 81009
1 100000 1 100000 15905
1 100000 1 100000 52625
1 100000 1 100000 25696
1 100000 1 100000 62924
1 100000 1 100000 25090
1 100000 1 100000 87797
1 100000 1 100000 48519
1 100000 1 100000 18089
1 100000 1 100000 93666
1 100000 1 100000 51154
1 100000 1 100000 40320
1 100000 1 100000 3434
1 100000 1 100000 17385
1 100000 1 100000 60264
1 100000 1 100000 40641
1 100000 1 100000 71037
1 100000 1 100000 78044
1 100000 1 100000 86690
1 100000 1 100000 746
1 100000 1 100000 59882
1 100000 1 100000 98678
1 100000 1 100000 79237
1 100000 1 100000 59502
1 100000 1 100000 86434
1 100000 1 100000 77360
1 100000 1 100000 87719
1 100000 1 100000 77911
1 100000 1 100000 62845
1 100000 1 100000 94320
1 100000 1 100000 14317
1 100000 1 100000 47469
1 100000 1 100000 40702
1 100000 1 100000 36279
1 100000 1 100000 20732
1 100000 1 100000 89822
1 100000 1 100000 43147
1 100000 1 100000 69018
1 100000 1 100000 21126
1 100000 1 100000 94865
1 100000 1 100000 76205
1 100000 1 100000 79527
1 100000 1 100000 23981
1 100000 1 100000 17594
1 100000 1 100000 57268
1 100000 1 100000 43968
1 100000 1 100000 25152
1 100000 1 100000 51040
1 100000 1 100000 20588
1 100000 1 100000 72774
1 100000 1 100000 20274
1 100000 1 100000 53973
1 100000 1 100000 72366
1 100000 1 100000 99621
1 100000 1 100000 81465
1 100000 1 100000 30960
1 100000 1 100000 95738
1 100000 1 100000 40845
1 100000 1 100000 57816
1 100000 1 100000 87837
1 100000 1 100000 55695
1 100000 1 100000 45903
1 100000 1 100000 42059
1 100000 1 100000 6214
1 100000 1 100000 53434
1 100000 1 100000 38521
1 100000 1 100000 35765
1 100000 1 100000 69442
1 100000 1 100000 49762
1 100000 1 100000 16257
1 100000 1 100000 69727
1 100000 1 100000 82793
1 100000 1 100000 61028
1 100000 1 100000 68061
1 100000 1 100000 25604
1 100000 1 100000 49475
1 100000 1 100000 11590
1 100000 1 100000 75578
1 100000 1 100000 32392
1 100000 1 100000 2390
1 100000 1 100000 98359
1 100000 1 100000 63922
1 100000 1 100000 61211
1 100000 1 100000 53098
1 100000 1 100000 64888
1 100000 1 100000 47360
1 100000 1 100000 81134
1 100000 1 100000 46984
1 100000 1 100000 83330
1 100000 1 100000 73034
1 100000 1 100000 66115
1 100000 1 100000 27368
1 100000 1 100000 26
1 100000 1 100000 74682
1 100000 1 100000 5441
1 100000 1 100000 5732
1 100000 1 100000 69790
1 100000 1 100000 33111
1 100000 1 100000 32075
1 100000 1 100000 51957
1 100000 1 100000 13795
1 100000 1 100000 94493
1 100000 1 100000 1439
1 100000 1 100000 64907
1 100000 1 100000 77026
1 100000 1 100000 28353
1 100000 1 100000 35767
1 100000 1 100000 24156
1 100000 1 100000 4428
1 100000 1 100000 2807
1 100000 1 100000 281
1 100000 1 100000 88570
1 100000 1 100000 98512
1 100000 1 100000 34674
1 100000 1 100000 82471
1 100000 1 100000 55466
1 100000 1 100000 54357
1 100000 1 100000 49384
1 100000 1 100000 51422
1 100000 1 100000 92236
1 100000 1 100000 3467
1 100000 1 100000 28265
1 100000 1 100000 79876
1 100000 1 100000 55951
1 100000 1 100000 97704
1 100000 1 100000 40651
1 100000 1 100000 6755
1 100000 1 100000 98901
1 100000 1 100000 16363
1 100000 1 100000 95909
1 100000 1 100000 837
1 100000 1 100000 81315
1 100000 1 100000 86003
1 100000 1 100000 86217
1 100000 1 100000 81684
1 100000 1 100000 50326
1 100000 1 100000 61694
1 100000 1 100000 70385
1 100000 1 100000 7880
1 100000 1 100000 4167
1 100000 1 100000 15364
1 100000 1 100000 30279
1 100000 1 100000 65188
1 100000 1 100000 22697
1 100000 1 100000 56696
1 100000 1 100000 85423
1 100000 1 100000 38169
1 100000 1 100000 36573
1 100000 1 100000 42066
1 100000 1 100000 41980
1 100000 1 100000 34981
1 100000 1 100000 36281
1 100000 1 100000 39354
1 100000 1 100000 26368
1 100000 1 100000 40876
1 100000 1 100000 45239
1 100000 1 100000 56748
1 100000 1 100000 63321
1 100000 1 100000 62374
1 100000 1 100000 14758
1 100000 1 100000 44834
1 100000 1 100000 54083
1 100000 1 100000 29206
1 100000 1 100000 38554
1 100000 1 100000 80423
1 100000 1 100000 88162
1 100000 1 100000 39216
1 100000 1 100000 15906
1 100000 1 100000 87623
1 100000 1 100000 58567
1 100000 1 100000 71035
1 100000 1 100000 11310
1 100000 1 100000 97213
1 100000 1 100000 4958
1 100000 1 100000 47091
1 100000 1 100000 22631
1 100000 1 100000 45321
1 100000 1 100000 44724
1 100000 1 100000 42860
1 100000 1 100000 41580
1 100000 1 100000 99842
1 100000 1 100000 94999
1 100000 1 100000 49925
1 100000 1 100000 47886
1 100000 1 100000 33565
1 100000 1 100000 65231
1 100000 1 100000 53013
1 100000 1 100000 17003
1 100000 1 100000 92194
1 100000 1 100000 13516
1 100000 1 100000 92301
1 100000 1 100000 26007
1 100000 1 100000 27377
1 100000 1 100000 31460
1 100000 1 100000 66345
1 100000 1 100000 81857
1 100000 1 100000 29853
1 100000 1 100000 89145
1 100000 1 100000 56179
1 100000 1 100000 55553
1 100000 1 100000 67042
1 100000 1 100000 84850
1 100000 1 100000 74552
1 100000 1 100000 67969
1 100000 1 100000 18252
1 100000 1 100000 25230
1 100000 1 100000 72098
1 100000 1 100000 86899
1 100000 1 100000 27710
1 100000 1 100000 72559
1 100000 1 100000 55354
1 100000 1 100000 67371
1 100000 1 100000 30784
1 100000 1 100000 79945
1 100000 1 100000 51012
1 100000 1 100000 60875
1 100000 1 100000 43869
1 100000 1 100000 97465
1 100000 1 100000 11550
1 100000 1 100000 58318
1 100000 1 100000 13929
1 100000 1 100000 74146
1 100000 1 100000 22870
1 100000 1 100000 71242
1 100000 1 100000 94001
1 100000 1 100000 73428
1 100000 1 100000 18739
1 100000 1 100000 39139
1 100000 1 100000 78673
1 100000 1 100000 59182
1 100000 1 100000 44186
1 100000 1 100000 98153
1 100000 1 100000 19606
1 100000 1 100000 36033
1 100000 1 100000 4369
1 100000 1 100000 5974
1 100000 1 100000 83517
1 100000 1 100000 87767
1 100000 1 100000 14620
1 100000 1 100000 73905
1 100000 1 100000 36795
1 100000 1 100000 77371
1 100000 1 100000 50008
1 100000 1 100000 38092
1 100000 1 100000 62597
1 100000 1 100000 81441
1 100000 1 100000 18064
1 100000 1 100000 26739
1 100000 1 100000 11637
1 100000 1 100000 93517
1 100000 1 100000 13599
1 100000 1 100000 88672
1 100000 1 100000 13246
1 100000 1 100000 47792
1 100000 1 100000 29819
1 100000 1 100000 44190
1 100000 1 100000 25186
1 100000 1 100000 1398
1 100000 1 100000 35974
1 100000 1 100000 59761
1 100000 1 100000 42225
1 100000 1 100000 74708
1 100000 1 100000 91142
1 100000 1 100000 36762
1 100000 1 100000 43883
1 100000 1 100000 74246
1 100000 1 100000 15507
1 100000 1 100000 55713
1 100000 1 100000 50450
1 100000 1 100000 9230
1 100000 1 100000 89394
1 100000 1 100000 75392
1 100000 1 100000 23252
1 100000 1 100000 97160
1 100000 1 100000 35084
1 100000 1 100000 14187
1 100000 1 100000 26191
1 100000 1 100000 22080
1 100000 1 100000 14988
1 100000 1 100000 28768
1 100000 1 100000 46207
1 100000 1 100000 14480
1 100000 1 100000 4674
1 100000 1 100000 30667
1 100000 1 100000 30994
1 100000 1 100000 26064
1 100000 1 100000 22675
1 100000 1 100000 66476
1 100000 1 100000 27092
1 100000 1 100000 15359
1 100000 1 100000 42835
1 100000 1 100000 14045
1 100000 1 100000 83159
1 100000 1 100000 87074
1 100000 1 100000 45921
1 100000 1 100000 58161
1 100000 1 100000 18156
1 100000 1 100000 89696
1 100000 1 100000 98536
1 100000 1 100000 7025
1 100000 1 100000 42031
1 100000 1 100000 49129
1 100000 1 100000 30999
1 100000 1 100000 61972
1 100000 1 100000 69202
1 100000 1 100000 39651
1 100000 1 100000 87607
1 100000 1 100000 51485
1 100000 1 100000 35598
1 100000 1 100000 66717
1 100000 1 100000 19757
1 100000 1 100000 98170
1 100000 1 100000 12503
1 100000 1 100000 24004
1 100000 1 100000 25706
1 100000 1 100000 3116
1 100000 1 100000 88137
1 100000 1 100000 45730
1 100000 1 100000 61506
1 100000 1 100000 65296
1 100000 1 100000 99725
1 100000 1 100000 24623
1 100000 1 100000 60912
1 100000 1 100000 26402
1 100000 1 100000 76805
1 100000 1 100000 3938
1 100000 1 100000 42250
1 100000 1 100000 99034
1 100000 1 100000 99745
1 100000 1 100000 83143
1 100000 1 100000 57426
1 100000 1 100000 98085
1 100000 1 100000 6922
1 100000 1 100000 44206
1 100000 1 100000 56030
1 100000 1 100000 76252
1 100000 1 100000 37950
1 100000 1 100000 28233
1 100000 1 100000 51759
1 100000 1 100000 82556
1 100000 1 100000 63362
1 100000 1 100000 53165
1 100000 1 100000 68892
1 100000 1 100000 29718
1 100000 1 100000 62081
1 100000 1 100000 77301
1 100000 1 100000 83343
1 100000 1 100000 69889
1 100000 1 100000 86262
1 100000 1 100000 3579
1 100000 1 100000 52036
1 100000 1 100000 72118
1 100000 1 100000 2124
1 100000 1 100000 31103
1 100000 1 100000 69740
1 100000 1 100000 8190
1 100000 1 100000 12075
1 100000 1 100000 15898
1 100000 1 100000 61351
1 100000 1 100000 1998
1 100000 1 100000 70471
1 100000 1 100000 56053
1 100000 1 100000 82657
1 100000 1 100000 51474
1 100000 1 100000 97154
1 100000 1 100000 17244
1 100000 1 100000 67281
1 100000 1 100000 61247
1 100000 1 100000 71135
1 100000 1 100000 40749
1 100000 1 100000 29086
1 100000 1 100000 50561
1 100000 1 100000 84595
1 100000 1 100000 9768
1 100000 1 100000 89178
1 100000 1 100000 74302
1 100000 1 100000 19414
1 100000 1 100000 47274
1 100000 1 100000 44586
1 100000 1 100000 95539
1 100000 1 100000 82073
1 100000 1 100000 46461
1 100000 1 100000 17665
1 100000 1 100000 98374
1 100000 1 100000 59797
1 100000 1 100000 67178
1 100000 1 100000 43580
1 100000 1 100000 26346
1 100000 1 100000 10283
1 100000 1 100000 63104
1 100000 1 100000 7840
1 100000 1 100000 74732
1 100000 1 100000 9465
1 100000 1 100000 17778
1 100000 1 100000 60178
1 100000 1 100000 84072
1 100000 1 100000 64449
1 100000 1 100000 15171
1 100000 1 100000 54181
1 100000 1 100000 1498
1 100000 1 100000 10918
1 100000 1 100000 32701
1 100000 1 100000 7357
1 100000 1 100000 9604
1 100000 1 100000 41635
1 100000 1 100000 15193
1 100000 1 100000 35022
1 100000 1 100000 28415
1 100000 1 100000 99817
1 100000 1 100000 1176
1 100000 1 100000 58153
1 100000 1 100000 37175
1 100000 1 100000 47484
1 100000 1 100000 53307
1 100000 1 100000 56764
1 100000 1 100000 36898
1 100000 1 100000 57260
1 100000 1 100000 13958
1 100000 1 100000 84178
1 100000 1 100000 83756
1 100000 1 100000 59938
1 100000 1 100000 49926
1 100000 1 100000 34523
1 100000 1 100000 6824
1 100000 1 100000 81943
1 100000 1 100000 41720
1 100000 1 100000 54253
1 100000 1 100000 79422
1 100000 1 100000 51734
1 100000 1 100000 85922
1 100000 1 100000 58716
1 100000 1 100000 82663
1 100000 1 100000 15883
1 100000 1 100000 85004
1 100000 1 100000 40918
1 100000 1 100000 65820
1 100000 1 100000 65000
1 100000 1 100000 22553
1 100000 1 100000 9253
1 100000 1 100000 17539
1 100000 1 100000 75272
1 100000 1 100000 2038
1 100000 1 100000 36381
1 100000 1 100000 75769
1 100000 1 100000 72542
1 100000 1 100000 89392
1 100000 1 100000 88363
1 100000 1 100000 22823
1 100000 1 100000 93858
1 100000 1 100000 57866
1 100000 1 100000 95515
1 100000 1 100000 52624
1 100000 1 100000 46772
1 100000 1 100000 66411
1 100000 1 100000 32152
1 100000 1 100000 74250
1 100000 1 100000 67217
1 100000 1 100000 82187
1 100000 1 100000 71997
1 100000 1 100000 18761
1 100000 1 100000 33578
1 100000 1 100000 30971
1 100000 1 100000 13309
1 100000 1 100000 24513
1 100000 1 100000 54008
1 100000 1 100000 93836
1 100000 1 100000 93494
1 100000 1 100000 43028
1 100000 1 100000 6265
1 100000 1 100000 73472
1 100000 1 100000 82834
1 100000 1 100000 8585
1 100000 1 100000 23188
1 100000 1 100000 88019
1 100000 1 100000 60214
1 100000 1 100000 4568
1 100000 1 100000 91317
1 100000 1 100000 16140
1 100000 1 100000 95629
1 100000 1 100000 33071
1 100000 1 100000 73531
1 100000 1 100000 16757
1 100000 1 100000 73876
1 100000 1 100000 40895
1 100000 1 100000 81198
1 100000 1 100000 59137
1 100000 1 100000 32604
1 100000 1 100000 58523
1 100000 1 100000 87089
1 100000 1 100000 27719
1 100000 1 100000 52368
1 100000 1 100000 84732
1 100000 1 100000 42993
1 100000 1 100000 70675
1 100000 1 100000 67789
1 100000 1 100000 77671
1 100000 1 100000 95745
1 100000 1 100000 98828
1 100000 1 100000 65239
1 100000 1 100000 2013
1 100000 1 100000 82410
1 100000 1 100000 74618
1 100000 1 100000 20319
1 100000 1 100000 60521
1 100000 1 100000 23861
1 100000 1 100000 53103
1 100000 1 100000 39815
1 100000 1 100000 17042
1 100000 1 100000 12786
1 100000 1 100000 44720
1 100000 1 100000 62608
1 100000 1 100000 68423
1 100000 1 100000 68963
1 100000 1 100000 76462
1 100000 1 100000 46854
1 100000 1 100000 12709
1 100000 1 100000 63292
1 100000 1 100000 16616
1 100000 1 100000 47053
1 100000 1 100000 3916
1 100000 1 100000 16824
1 100000 1 100000 83678
1 100000 1 100000 10732
1 100000 1 100000 110
1 100000 1 100000 1399
1 100000 1 100000 28195
1 100000 1 100000 25454
1 100000 1 100000 51041
1 100000 1 100000 82439
1 100000 1 100000 26269
1 100000 1 100000 83526
1 100000 1 100000 95311
1 100000 1 100000 10177
1 100000 1 100000 34829
1 100000 1 100000 1922
1 100000 1 100000 17685
1 100000 1 100000 15425
1 100000 1 100000 64503
1 100000 1 100000 83518
1 100000 1 100000 87777
1 100000 1 100000 20984
1 100000 1 100000 43388
1 100000 1 100000 77676
1 100000 1 100000 10832
1 100000 1 100000 26691
1 100000 1 100000 14669
1 100000 1 100000 40451
1 100000 1 100000 34859
1 100000 1 100000 21514
1 100000 1 100000 18211
1 100000 1 100000 25161
1 100000 1 100000 41264
1 100000 1 100000 42186
1 100000 1 100000 31184
1 100000 1 100000 61759
1 100000 1 100000 75229
1 100000 1 100000 58403
1 100000 1 100000 45725
1 100000 1 100000 93764
1 100000 1 100000 47340
1 100000 1 100000 14271
1 100000 1 100000 26273
1 100000 1 100000 38442
1 100000 1 100000 67563
1 100000 1 100000 82508
1 100000 1 100000 68279
1 100000 1 100000 67252
1 100000 1 100000 16022
1 100000 1 100000 43595
1 100000 1 100000 55326
1 100000 1 100000 85272
1 100000 1 100000 94618
1 100000 1 100000 93295
1 100000 1 100000 57049
1 100000 1 100000 73818
1 100000 1 100000 3436
1 100000 1 100000 97008
1 100000 1 100000 82692
1 100000 1 100000 2020
1 100000 1 100000 88822
1 100000 1 100000 11585
1 100000 1 100000 49732
1 100000 1 100000 62614
1 100000 1 100000 52307
1 100000 1 100000 33353
1 100000 1 100000 38921
1 100000 1 100000 74667
1 100000 1 100000 12493
1 100000 1 100000 88868
1 100000 1 100000 39835
1 100000 1 100000 32516
1 100000 1 100000 65023
1 100000 1 100000 50703
1 100000 1 100000 55244
1 100000 1 100000 61426
1 100000 1 100000 77980
1 100000 1 100000 50436
1 100000 1 100000 84510
1 100000 1 100000 75863
1 100000 1 100000 25547
1 100000 1 100000 37668
1 100000 1 100000 77483
1 100000 1 100000 54882
1 100000 1 100000 32417
1 100000 1 100000 70600
1 100000 1 100000 35776
1 100000 1 100000 38982
1 100000 1 100000 61482
1 100000 1 100000 58407
1 100000 1 100000 23613
1 100000 1 100000 44456
1 100000 1 100000 90343
1 100000 1 100000 56670
1 100000 1 100000 65909
1 100000 1 100000 57966
1 100000 1 100000 45180
1 100000 1 100000 85526
1 100000 1 100000 74168
1 100000 1 100000 72792
1 100000 1 100000 82349
1 100000 1 100000 75503
1 100000 1 100000 61026
1 100000 1 100000 75594
1 100000 1 100000 52959
1 100000 1 100000 39250
1 100000 1 100000 66267
1 100000 1 100000 34638
1 100000 1 100000 21254
1 100000 1 100000 71146
1 100000 1 100000 8860
1 100000 1 100000 5314
1 100000 1 100000 44205
1 100000 1 100000 21504
1 100000 1 100000 11491
1 100000 1 100000 22637
1 100000 1 100000 77709
1 100000 1 100000 17063
1 100000 1 100000 19716
1 100000 1 100000 59442
1 100000 1 100000 87560
1 100000 1 100000 71381
1 100000 1 100000 23922
1 100000 1 100000 63743
1 100000 1 100000 19184
1 100000 1 100000 58501
1 100000 1 100000 50169
1 100000 1 100000 66356
1 100000 1 100000 43920
1 100000 1 100000 89409
1 100000 1 100000 65214
1 100000 1 100000 91219
1 100000 1 100000 68552
1 100000 1 100000 42326
1 100000 1 100000 95491
1 100000 1 100000 17967
1 100000 1 100000 41047
1 100000 1 100000 37755
1 100000 1 100000 54803
1 100000 1 100000 8311
1 100000 1 100000 6156
1 100000 1 100000 98157
1 100000 1 100000 87863
1 100000 1 100000 56543
1 100000 1 100000 27276
1 100000 1 100000 31433
1 100000 1 100000 12671
1 100000 1 100000 95560
1 100000 1 100000 74809
1 100000 1 100000 22387
1 100000 1 100000 1183
1 100000 1 100000 86108
1 100000 1 100000 28937
1 100000 1 100000 89611
1 100000 1 100000 62301
1 100000 1 100000 49183
1 100000 1 100000 67698
1 100000 1 100000 90999
1 100000 1 100000 68368
1 100000 1 100000 87289
1 100000 1 100000 93582
1 100000 1 100000 49827
1 100000 1 100000 7095
1 100000 1 100000 16021
1 100000 1 100000 90107
1 100000 1 100000 33098
1 100000 1 100000 49862
1 100000 1 100000 99471
1 100000 1 100000 43059
1 100000 1 100000 4190
1 100000 1 100000 34516
1 100000 1 100000 32947
1 100000 1 100000 61435
1 100000 1 100000 12942
1 100000 1 100000 7481
1 100000 1 100000 53610
1 100000 1 100000 54276
1 100000 1 100000 21680
1 100000 1 100000 77525
1 100000 1 100000 18474
1 100000 1 100000 13711
1 100000 1 100000 51355
1 100000 1 100000 80474
1 100000 1 100000 67185
1 100000 1 100000 88288
1 100000 1 100000 95063
1 100000 1 100000 11609
1 100000 1 100000 9741
1 100000 1 100000 45031
1 100000 1 100000 32910
1 100000 1 100000 24249
1 100000 1 100000 7515
1 100000 1 100000 56804
1 100000 1 100000 16837
1 100000 1 100000 11948
1 100000 1 100000 61696
1 100000 1 100000 65540
1 100000 1 100000 12397
1 100000 1 100000 19436
1 100000 1 100000 13167
1 100000 1 100000 87136
1 100000 1 100000 17437
1 100000 1 100000 89223
1 100000 1 100000 80286
1 100000 1 100000 36185
1 100000 1 100000 52848
1 100000 1 100000 30850
1 100000 1 100000 46915
1 100000 1 100000 16223
1 100000 1 100000 14205
1 100000 1 100000 73911
1 100000 1 100000 85574
1 100000 1 100000 59654
1 100000 1 100000 82680
1 100000 1 100000 10012
1 100000 1 100000 20665
1 100000 1 100000 94502
1 100000 1 100000 20700
1 100000 1 100000 36016
1 100000 1 100000 4178
1 100000 1 100000 47049
1 100000 1 100000 81237
1 100000 1 100000 17847
1 100000 1 100000 21468
1 100000 1 100000 42850
1 100000 1 100000 79213
1 100000 1 100000 24677
1 100000 1 100000 39968
1 100000 1 100000 76298
1 100000 1 100000 60691
1 100000 1 100000 26781
1 100000 1 100000 67100
1 100000 1 100000 19345
1 100000 1 100000 95556
1 100000 1 100000 31819
1 100000 1 100000 78738
1 100000 1 100000 3522
1 100000 1 100000 74576
1 100000 1 100000 1277
1 100000 1 100000 37198
1 100000 1 100000 38789
1 100000 1 100000 10402
1 100000 1 100000 39505
1 100000 1 100000 87456
1 100000 1 100000 21050
1 100000 1 100000 78922
1 100000 1 100000 96258
1 100000 1 100000 4116
1 100000 1 100000 71809
1 100000 1 100000 41999
1 100000 1 100000 66713
1 100000 1 100000 94977
1 100000 1 100000 59626
1 100000 1 100000 80862
1 100000 1 100000 46160
1 100000 1 100000 6574
1 100000 1 100000 91549
1 100000 1 100000 41544
1 100000 1 100000 95067
1 100000 1 100000 93208
1 100000 1 100000 15700
1 100000 1 100000 17323
1 100000 1 100000 98014
1 100000 1 100000 28587
1 100000 1 100000 92701
1 100000 1 100000 71328
1 100000 1 100000 84367
1 100000 1 100000 69065
1 100000 1 100000 98528
1 100000 1 100000 19346
1 100000 1 100000 69280
1 100000 1 100000 23763
1 100000 1 100000 35491
1 100000 1 100000 93860
1 100000 1 100000 60207
1 100000 1 100000 34232
1 100000 1 100000 76888
1 100000 1 100000 73590
1 100000 1 100000 50167
1 100000 1 100000 93452
1 100000 1 100000 96294
1 100000 1 100000 91665
1 100000 1 100000 62596
1 100000 1 100000 96226
1 100000 1 100000 90560
1 100000 1 100000 38331
1 100000 1 100000 43714
1 100000 1 100000 21281
1 100000 1 100000 51179
1 100000 1 100000 41656
1 100000 1 100000 17053
1 100000 1 100000 41054
1 100000 1 100000 37797
1 100000 1 100000 58743
1 100000 1 100000 51223
1 100000 1 100000 3790
1 100000 1 100000 93695
1 100000 1 100000 8415
1 100000 1 100000 16792
1 100000 1 100000 34411
1 100000 1 100000 35478
1 100000 1 100000 63996
1 100000 1 100000 92043
1 100000 1 100000 64941
1 100000 1 100000 30745
1 100000 1 100000 95292
1 100000 1 100000 95231
1 100000 1 100000 85977
1 100000 1 100000 89161
1 100000 1 100000 9537
1 100000 1 100000 96508
1 100000 1 100000 22014
1 100000 1 100000 59082
1 100000 1 100000 75091
1 100000 1 100000 19679
1 100000 1 100000 11413
1 100000 1 100000 47981
1 100000 1 100000 49893
1 100000 1 100000 3227
1 100000 1 100000 10750
1 100000 1 100000 48698
1 100000 1 100000 71980
1 100000 1 100000 82658
1 100000 1 100000 30092
1 100000 1 100000 12190
1 100000 1 100000 55520
1 100000 1 100000 88231
1 100000 1 100000 9699
1 100000 1 100000 100000
1 100000 1 100000 77836
1 100000 1 100000 63134
1 100000 1 100000 99688
1 100000 1 100000 5453
1 100000 1 100000 394
1 100000 1 100000 85426
1 100000 1 100000 49306
1 100000 1 100000 34401
1 100000 1 100000 33184
1 100000 1 100000 97599
1 100000 1 100000 92481
1 100000 1 100000 31888
1 100000 1 100000 94322
1 100000 1 100000 97669
1 100000 1 100000 28447
1 100000 1 100000 81801
1 100000 1 100000 57298
1 100000 1 100000 56349
1 100000 1 100000 25061
1 100000 1 100000 85413
1 100000 1 100000 69097
1 100000 1 100000 65355
1 100000 1 100000 25241
1 100000 1 100000 87959
1 100000 1 100000 10453
1 100000 1 100000 53278
1 100000 1 100000 61281
1 100000 1 100000 68020
1 100000 1 100000 61025
1 100000 1 100000 34442
1 100000 1 100000 78146
1 100000 1 100000 37714
1 100000 1 100000 67059
1 100000 1 100000 14710
1 100000 1 100000 88081
1 100000 1 100000 49179
1 100000 1 100000 52114
1 100000 1 100000 85386
1 100000 1 100000 43225
1 100000 1 100000 30248
1 100000 1 100000 17904
1 100000 1 100000 73305
1 100000 1 100000 34625
1 100000 1 100000 3873
1 100000 1 100000 45759
1 100000 1 100000 44655
1 100000 1 100000 22411
1 100000 1 100000 98548
1 100000 1 100000 81452
1 100000 1 100000 49270
1 100000 1 100000 64040
1 100000 1 100000 95499
1 100000 1 100000 77718
1 100000 1 100000 42434
1 100000 1 100000 99848
1 100000 1 100000 3087
1 100000 1 100000 62307
1 100000 1 100000 52474
1 100000 1 100000 46857
1 100000 1 100000 56655
1 100000 1 100000 54323
1 100000 1 100000 23634
1 100000 1 100000 26552
1 100000 1 100000 95446
1 100000 1 100000 96376
1 100000 1 100000 45365
1 100000 1 100000 53353
1 100000 1 100000 82919
1 100000 1 100000 29027
1 100000 1 100000 55179
1 100000 1 100000 92527
1 100000 1 100000 68664
1 100000 1 100000 24397
1 100000 1 100000 63502
1 100000 1 100000 968
1 100000 1 100000 6025
1 100000 1 100000 35868
1 100000 1 100000 18738
1 100000 1 100000 46466
1 100000 1 100000 75520
1 100000 1 100000 13061
1 100000 1 100000 54830
1 100000 1 100000 56148
1 100000 1 100000 18002
1 100000 1 100000 43124
1 100000 1 100000 8205
1 100000 1 100000 91829
1 100000 1 100000 28014
1 100000 1 100000 16999
1 100000 1 100000 36983
1 100000 1 100000 34423
1 100000 1 100000 70290
1 100000 1 100000 86341
1 100000 1 100000 26383
1 100000 1 100000 90363
1 100000 1 100000 43513
1 100000 1 100000 90100
1 100000 1 100000 95711
1 100000 1 100000 10613
1 100000 1 100000 77614
1 100000 1 100000 56217
